1 0.612432 0.052796 0.053740 0.099204
1 0.498760 0.049125 0.049604 0.084509
2 0.239784 0.355477 0.028703 0.136509
2 0.266841 0.338889 0.030141 0.140333
0 0.219245 0.873019 0.081844 0.240296
0 0.439359 0.742944 0.060760 0.213852
0 0.273810 0.642639 0.057047 0.189593
0 0.358135 0.482801 0.062000 0.160935
0 0.448401 0.265148 0.033729 0.116093
0 0.405344 0.187329 0.027990 0.103343
0 0.437997 0.082074 0.024401 0.084204
0 0.728641 0.195620 0.031573 0.117370
0 0.685581 0.161171 0.025839 0.099509
0 0.689888 0.099292 0.025839 0.054861
